30 f0 01 00 00 00			
30 f3 00 00 00 00  				
40 03 00 00 00 00 		
30 f0 02 00 00 00  	
40 03 04 00 00 00 	
30 f0 03 00 00 00 	
40 03 08 00 00 00  	
30 f0 04 00 00 00  	
40 03 0c 00 00 00 
                        	
30 f0 05 00 00 00 
30 f3 00 00 00 00 
40 03 10 00 00 00 
30 f0 06 00 00 00  	
40 03 14 00 00 00  	
30 f0 07 00 00 00  	
40 03 18 00 00 00 
30 f0 08 00 00 00  	
40 03 1c 00 00 00  	
                        	
                        	
50 03 00 00 00 00  	
50 13 10 00 00 00  	
60 01          	
40 13 20 00 00 00  	
                        	
50 03 04 00 00 00  	
50 13 14 00 00 00  	
60 01          	
40 13 24 00 00 00 
                        	
50 03 08 00 00 00  	
50 13 18 00 00 00  	
60 01          	
40 13 28 00 00 00 
                       	
50 03 0c 00 00 00  	
50 13 1c 00 00 00  	
60 01          	
40 13 2c 00 00 00  	
00           